5118482 *
   2 211000022278032
   2 211000022278047
   4 211000022278089
   1 211000022278100
  13 211000022278114
   4 211000022278134
   6 211000022278158
   2 211000022278161
   1 211000022278201
 185 211000022278202
   2 211000022278217
   1 211000022278258
  18 211000022278271
   1 211000022278273
   3 211000022278282
   2 211000022278305
   1 211000022278311
  16 211000022278312
   1 211000022278313
 824 211000022278339
   2 211000022278354
   2 211000022278362
   6 211000022278390
   1 211000022278407
   2 211000022278413
   9 211000022278415
   1 211000022278420
   1 211000022278423
  56 211000022278426
   4 211000022278440
   5 211000022278441
 954 211000022278446
   2 211000022278450
   2 211000022278456
 386 211000022278498
   5 211000022278520
   1 211000022278536
   1 211000022278546
   3 211000022278547
   1 211000022278549
 488 211000022278554
   3 211000022278565
   1 211000022278573
   1 211000022278593
   1 211000022278597
   2 211000022278676
   2 211000022278678
  14 211000022278680
   1 211000022278683
  10 211000022278684
 379 211000022278704
  20 211000022278710
   1 211000022278716
  21 211000022278724
   2 211000022278727
   1 211000022278744
  84 211000022278750
   5 211000022278772
   1 211000022278787
   3 211000022278788
   3 211000022278790
   2 211000022278804
   1 211000022278807
   6 211000022278808
   1 211000022278848
  44 211000022278849
 402 211000022278876
  32 211000022278877
 708 211000022278878
1306 211000022278879
   9 211000022278880
  37 211000022278881
 273 211000022278882
   1 211000022278886
  27 211000022278895
 116 211000022278903
  11 211000022278928
   1 211000022278932
   1 211000022278935
   1 211000022278941
   3 211000022278942
   4 211000022278960
   1 211000022278971
   1 211000022278973
   2 211000022278974
   1 211000022278978
   2 211000022278992
   1 211000022279003
  55 211000022279009
   3 211000022279018
   1 211000022279040
 352 211000022279055
  13 211000022279056
   1 211000022279057
   7 211000022279058
   6 211000022279061
   8 211000022279087
   1 211000022279098
1210 211000022279100
  26 211000022279108
 678 211000022279109
   1 211000022279121
 363 211000022279132
  34 211000022279134
 218 211000022279147
   6 211000022279168
   1 211000022279172
   1 211000022279177
   1 211000022279178
   4 211000022279179
   2 211000022279188
 389 211000022279189
   2 211000022279191
   3 211000022279215
 307 211000022279222
   8 211000022279224
   1 211000022279239
   2 211000022279264
   5 211000022279284
  14 211000022279285
   1 211000022279311
   2 211000022279329
   2 211000022279335
 208 211000022279343
   4 211000022279344
   1 211000022279356
   1 211000022279384
   2 211000022279399
   1 211000022279409
   3 211000022279412
   2 211000022279420
   2 211000022279423
   1 211000022279424
   1 211000022279441
   4 211000022279446
   1 211000022279450
   2 211000022279453
   2 211000022279458
 184 211000022279467
   1 211000022279468
  15 211000022279477
   1 211000022279490
   2 211000022279496
   1 211000022279499
   1 211000022279510
   8 211000022279511
  94 211000022279529
 349 211000022279531
   2 211000022279539
 519 211000022279540
   1 211000022279550
  43 211000022279555
   4 211000022279569
   1 211000022279582
   1 211000022279601
   1 211000022279604
   1 211000022279605
  74 211000022279608
   3 211000022279613
   2 211000022279664
   1 211000022279670
 916 211000022279676
 371 211000022279708
   1 211000022279709
   1 211000022279719
  49 211000022279722
   1 211000022279723
   2 211000022279735
   3 211000022279754
   1 211000022279761
   5 211000022279762
   1 211000022279782
   1 211000022279789
   2 211000022279804
   1 211000022279805
  50 211000022279810
   2 211000022279813
   1 211000022279829
   3 211000022279842
   7 211000022279855
  11 211000022279856
   5 211000022279867
   2 211000022279884
   1 211000022279926
   2 211000022279928
   2 211000022279931
   1 211000022279932
   1 211000022279934
   2 211000022279945
   3 211000022279948
   5 211000022279954
   2 211000022279973
   1 211000022279975
   1 211000022279980
   1 211000022279982
   1 211000022279984
   1 211000022279988
   1 211000022279991
   5 211000022279994
  37 211000022280020
 681 211000022280043
   1 211000022280051
   1 211000022280064
   2 211000022280087
   5 211000022280091
   1 211000022280097
   4 211000022280130
   2 211000022280135
  29 211000022280138
   3 211000022280141
   2 211000022280156
  19 211000022280160
   5 211000022280168
   1 211000022280171
   2 211000022280180
   3 211000022280194
   2 211000022280205
  95 211000022280218
   2 211000022280228
   1 211000022280233
   3 211000022280236
   2 211000022280241
   1 211000022280260
   2 211000022280270
 229 211000022280304
   1 211000022280325
   1 211000022280328
   3 211000022280437
   1 211000022280459
   3 211000022280461
   2 211000022280467
   1 211000022280473
   1 211000022280476
   1 211000022280481
 333 211000022280508
  23 211000022280517
   4 211000022280519
   1 211000022280522
   5 211000022280535
   2 211000022280537
   1 211000022280542
   1 211000022280544
   2 211000022280561
  57 211000022280595
   1 211000022280617
   2 211000022280623
   2 211000022280628
   3 211000022280640
  20 211000022280645
   1 211000022280655
   2 211000022280671
   3 211000022280686
   3 211000022280687
   7 211000022280742
   1 211000022280747
   1 211000022280750
   1 2Cen_mapped_Scaffold_43
2962912 2L
3558751 2R
   9 2R2_mapped_Scaffold_56
  22 3Cen_mapped_Scaffold_1
   1 3Cen_mapped_Scaffold_41
3090488 3L
4128635 3R
210277 4
   9 Unmapped_Scaffold_22
   3 Unmapped_Scaffold_28
  22 Unmapped_Scaffold_29
   1 Unmapped_Scaffold_32
   3 Unmapped_Scaffold_35
   7 Unmapped_Scaffold_37
  50 Unmapped_Scaffold_4
  10 Unmapped_Scaffold_45
   2 Unmapped_Scaffold_48
   2 Unmapped_Scaffold_52
 340 Unmapped_Scaffold_58
   2 Unmapped_Scaffold_60
  11 Unmapped_Scaffold_8
3001708 X
  24 X3X4_mapped_Scaffold_14
12687 Y
   3 Y_mapped_Scaffold_12
   1 Y_mapped_Scaffold_15
  99 Y_mapped_Scaffold_18
  13 Y_mapped_Scaffold_20
  19 Y_mapped_Scaffold_21
   4 Y_mapped_Scaffold_23
   4 Y_mapped_Scaffold_26
   8 Y_mapped_Scaffold_30
   1 Y_mapped_Scaffold_34
   9 Y_mapped_Scaffold_5
   9 Y_mapped_Scaffold_9
38321 dmel_mitochondrion_genome
8013 rDNA
